237 248 237 246 237 244 240 243 243 240 244 237 246 237 248 237
248 245 248 246 248 246 247 247 247 247 246 248 246 248 245 248
237 248 238 246 238 244 241 242 242 241 244 238 246 238 248 237
246 246 246 246 247 246 246 246 246 246 246 247 246 246 246 246
237 248 237 246 239 244 241 242 242 242 243 239 246 237 248 237
245 247 245 227 191 215 219 227 228 219 215 190 228 245 247 245
240 247 241 201 215 221 218 198 199 217 221 212 195 240 247 240
243 247 239 193 221 210 212 190 192 212 211 220 194 239 247 243
243 247 156 122 192 149 191 198 197 190 157 184 124 160 247 243
240 247 240 182 136 128 139 147 138 135 128 137 184 241 247 240
245 247 245 246 246 221 115  97  99 114 222 246 246 245 247 245
237 248 237 242 232  84  87 243 244  85  84 234 244 237 248 237
246 246 246 209 149 192 246 246 246 247 192 152 211 246 246 246
237 248 238 246 238 244 241 242 242 241 244 238 246 238 248 237
248 245 248 246 248 246 247 247 247 247 246 248 246 248 245 248
237 248 237 246 237 244 240 243 243 240 244 237 246 237 248 237
237 248 237 246 237 244 240 243 243 240 244 237 246 237 248 237
248 245 248 246 248 246 247 247 247 247 246 248 246 248 245 248
237 248 238 246 238 244 241 242 242 241 244 238 246 238 248 237
246 246 246 246 247 246 246 246 246 246 246 247 246 246 246 246
237 248 237 246 239 244 241 242 242 241 244 239 246 237 248 237
245 247 245 230 238 245 247 243 242 247 245 232 231 245 247 245
240 247 241 225 246 250 248 232 232 248 251 245 223 240 247 240
243 247 239 224 253 240 242 227 228 242 240 252 223 240 247 243
243 247 171 146 239 217 239 234 234 238 214 240 146 174 247 243
240 247 241 192 164 149 195 202 203 197 151 165 194 241 247 240
245 247 245 246 246 228 140 121 121 139 227 246 246 245 247 245
237 248 237 244 236 110 109 243 243 108 109 235 243 237 248 237
246 246 246 216 167 198 246 246 246 247 200 165 214 246 246 246
237 248 238 246 238 244 241 242 242 241 244 238 246 238 248 237
248 245 248 246 248 246 247 247 247 247 246 248 246 248 245 248
237 248 237 246 237 244 240 243 243 240 244 237 246 237 248 237
237 248 237 246 237 244 240 243 243 240 244 237 246 237 248 237
248 245 248 246 248 246 247 247 247 247 246 248 246 248 245 248
237 248 238 246 238 244 241 242 242 241 244 238 246 238 248 237
246 246 246 246 247 246 246 246 246 246 246 247 246 246 246 246
237 248 237 246 239 243 241 242 242 241 244 239 246 237 248 237
245 247 245 221 241 246 248 243 245 248 246 239 221 245 247 245
240 247 240 217 246 252 249 240 240 249 252 246 218 240 247 240
243 247 239 227 254 241 243 237 238 244 240 255 225 239 247 243
243 247 216 170 237 235 252 244 245 251 239 239 167 209 247 243
240 247 240 217 223 178 206 229 231 208 174 221 219 241 247 240
245 247 245 246 246 237 203 181 180 206 240 246 246 245 247 245
237 248 237 243 230 183 183 243 242 178 187 232 245 237 248 237
246 246 246 227 207 223 246 246 246 246 221 210 229 246 246 246
237 248 238 246 238 244 241 242 242 241 244 238 246 238 248 237
248 245 248 246 248 246 247 247 247 247 246 248 246 248 245 248
237 248 237 246 237 244 240 243 243 240 244 237 246 237 248 237

237 248 237 246 237 245 240 243 243 240 245 237 246 237 248 237
248 245 248 246 248 247 247 247 247 247 247 248 246 248 245 248
237 248 238 246 237 245 240 239 160 241 245 237 246 238 248 237
246 246 246 246 246 228 195 194 124 184 246 244 211 246 246 246
237 248 238 247 239 190 212 220 184 137 246 234 152 238 248 237
244 246 244 246 243 215 221 211 157 128 222  84 192 244 246 244
240 247 241 246 242 219 217 212 190 135 114  85 247 241 247 240
243 247 242 246 242 228 199 192 197 138  99 244 246 242 247 243
243 247 242 246 242 227 198 190 198 147  97 243 246 242 247 243
240 247 241 246 241 219 218 212 191 139 115  87 246 241 247 240
244 246 244 246 244 215 221 210 149 128 221  84 192 244 246 244
237 248 238 247 239 191 215 221 192 136 246 232 149 238 248 237
246 246 246 246 246 227 201 193 122 182 246 242 209 246 246 246
237 248 238 246 237 245 241 239 156 240 245 237 246 238 248 237
248 245 248 246 248 247 247 247 247 247 247 248 246 248 245 248
237 248 237 246 237 245 240 243 243 240 245 237 246 237 248 237
237 248 237 246 237 245 240 243 243 240 245 237 246 237 248 237
248 245 248 246 248 247 247 247 247 247 247 248 246 248 245 248
237 248 238 246 237 245 240 240 174 241 245 237 246 238 248 237
246 246 246 246 246 231 223 223 146 194 246 243 214 246 246 246
237 248 238 247 239 232 245 252 240 165 246 235 165 238 248 237
244 246 244 246 244 245 251 240 214 151 227 109 200 244 246 244
240 247 241 246 241 247 248 242 238 197 139 108 247 241 247 240
243 247 242 246 242 242 232 228 234 203 121 243 246 242 247 243
243 247 242 246 242 243 232 227 234 202 121 243 246 242 247 243
240 247 241 246 241 247 248 242 239 195 140 109 246 241 247 240
244 246 244 246 244 245 250 240 217 149 228 110 198 244 246 244
237 248 238 247 239 238 246 253 239 164 246 236 167 238 248 237
246 246 246 246 246 230 225 224 146 192 246 244 216 246 246 246
237 248 238 246 237 245 241 239 171 241 245 237 246 238 248 237
248 245 248 246 248 247 247 247 247 247 247 248 246 248 245 248
237 248 237 246 237 245 240 243 243 240 245 237 246 237 248 237
237 248 237 246 237 245 240 243 243 240 245 237 246 237 248 237
248 245 248 246 248 247 247 247 247 247 247 248 246 248 245 248
237 248 238 246 237 245 240 239 209 241 245 237 246 238 248 237
246 246 246 246 246 221 218 225 167 219 246 245 229 246 246 246
237 248 238 247 239 239 246 255 239 221 246 232 210 238 248 237
244 246 244 246 244 246 252 240 239 174 240 187 221 244 246 244
240 247 241 246 241 248 249 244 251 208 206 178 246 241 247 240
243 247 242 246 242 245 240 238 245 231 180 242 246 242 247 243
243 247 242 246 242 243 240 237 244 229 181 243 246 242 247 243
240 247 241 246 241 248 249 243 252 206 203 183 246 241 247 240
244 246 244 246 243 246 252 241 235 178 237 183 223 244 246 244
237 248 238 247 239 241 246 254 237 223 246 230 207 238 248 237
246 246 246 246 246 221 217 227 170 217 246 243 227 246 246 246
237 248 238 246 237 245 240 239 216 240 245 237 246 238 248 237
248 245 248 246 248 247 247 247 247 247 247 248 246 248 245 248
237 248 237 246 237 245 240 243 243 240 245 237 246 237 248 237

241 250 239 248 238 246 240 243 242 241 245 239 247 239 250 240
250 242 251 243 251 245 250 247 248 249 246 250 243 251 242 250
239 251 238 248 234 246 238 242 241 240 245 235 247 237 250 238
248 243 249 225 134 201 246 246 247 245 198 139 227 249 243 248
238 251 237 247 214  93 119 227 223 117  95 214 247 237 250 238
246 245 246 245 242 214 114 101  99 121 217 243 245 246 245 246
240 250 236 195 125 117 123 148 147 124 118 126 198 236 249 240
243 247 190 128 146 165 187 198 201 187 164 145 129 193 247 243
242 248 236 183 210 216 216 204 206 216 215 207 186 238 248 242
241 249 239 191 210 217 217 208 209 217 217 207 196 239 248 241
245 246 245 229 199 213 220 227 225 218 213 199 231 245 246 245
239 250 238 248 237 243 238 243 242 239 242 238 248 238 250 239
247 243 248 244 248 245 247 246 247 247 245 248 244 248 244 248
239 251 237 249 237 246 238 242 241 239 245 238 248 237 250 238
250 242 250 243 250 245 249 247 248 248 246 250 244 250 242 250
240 250 238 248 238 246 240 243 242 241 245 239 248 238 250 240
241 250 239 248 238 246 240 243 242 241 245 239 247 239 250 240
250 242 251 243 251 245 250 247 248 249 246 250 243 251 242 250
239 251 238 248 234 246 238 242 241 240 245 235 247 237 250 238
248 243 249 228 151 208 247 246 247 245 205 155 230 249 243 248
238 251 237 248 217 116 140 229 227 136 117 220 247 237 250 238
246 245 246 245 242 221 138 128 126 142 223 243 245 246 245 246
240 250 236 205 149 142 172 209 209 170 143 152 208 237 249 240
243 247 201 159 193 226 234 231 233 234 225 191 158 204 247 243
242 248 237 218 243 246 246 237 239 246 245 241 217 238 247 242
241 249 239 209 241 247 247 238 240 247 247 238 213 239 248 241
245 246 245 234 236 243 245 241 241 245 242 235 235 245 246 245
239 250 238 248 237 245 239 243 242 240 245 238 248 238 250 239
247 243 248 244 248 245 247 246 247 247 246 248 244 248 244 248
239 251 237 249 237 246 238 242 241 239 245 238 248 237 250 238
250 242 250 243 250 245 249 247 248 248 246 250 244 250 242 250
240 250 238 248 238 246 240 243 242 241 245 239 248 238 250 240
241 250 239 248 238 246 240 243 242 241 245 239 247 239 250 240
250 242 251 243 251 245 250 247 248 249 246 250 243 251 242 250
239 251 238 248 236 246 238 242 241 240 245 237 248 237 250 238
248 243 249 237 199 225 247 246 247 246 225 202 238 249 243 248
238 251 237 248 229 184 193 236 235 192 184 230 247 237 250 238
246 245 246 245 244 236 201 182 184 203 237 244 245 246 245 246
240 250 238 231 216 176 175 234 234 172 179 215 231 238 249 240
243 246 228 185 186 243 246 237 237 245 243 185 186 231 247 243
242 248 235 218 244 246 247 241 243 246 246 243 215 237 247 242
241 249 239 198 242 247 248 242 243 248 247 237 203 239 248 241
245 246 245 229 242 244 247 242 241 246 244 240 231 245 246 245
239 250 238 248 238 246 239 243 242 240 244 238 248 238 250 239
247 243 248 244 248 245 247 246 247 247 246 248 244 248 244 248
239 251 237 249 237 246 238 242 241 239 245 238 248 237 250 238
250 242 250 243 250 245 249 247 248 248 246 250 244 250 242 250
240 250 238 248 238 246 240 243 242 241 245 239 248 238 250 240

241 250 239 248 239 246 241 243 243 241 246 239 248 239 250 241
250 242 251 244 251 246 250 248 248 250 246 251 244 251 242 250
239 251 238 249 238 246 237 189 238 239 246 238 249 238 251 239
248 244 248 227 247 245 198 127 185 193 230 249 245 249 244 248
239 251 235 141 209 243 130 144 208 209 199 237 249 238 251 239
246 246 246 202  96 217 120 163 215 218 214 243 246 246 246 246
241 250 239 246 123 118 125 187 217 218 219 239 248 239 250 241
243 248 242 247 226 100 147 200 205 209 225 242 247 242 248 243
243 248 242 247 227 101 147 200 205 209 227 242 247 242 248 243
241 250 239 246 122 118 122 186 216 217 220 239 248 239 250 241
246 246 246 202  96 217 121 164 216 217 214 243 246 246 246 246
239 251 235 141 211 242 131 144 208 209 200 237 249 238 251 239
248 244 248 227 246 246 199 126 184 193 230 249 245 249 244 248
239 251 238 249 238 246 237 190 238 239 246 238 249 238 251 239
250 242 251 244 251 246 250 247 248 250 246 251 244 251 242 250
241 250 239 248 239 246 241 243 243 241 246 239 248 239 250 241
241 250 239 248 239 246 241 243 243 241 246 239 248 239 250 241
250 242 251 244 251 246 250 248 248 250 246 251 244 251 242 250
239 251 238 249 238 246 238 201 238 239 246 238 249 238 251 239
248 244 248 230 247 246 208 156 218 211 234 249 245 249 244 248
239 251 236 157 215 243 155 191 242 240 236 237 249 238 251 239
246 246 246 209 119 223 145 225 246 248 243 246 246 246 246 246
241 250 239 246 142 140 171 234 246 247 246 239 248 239 250 241
243 248 242 247 229 127 207 233 238 240 242 242 247 242 248 243
243 248 242 247 229 127 207 233 238 240 241 242 247 242 248 243
241 250 239 246 143 141 170 234 246 247 246 239 248 239 250 241
246 246 246 209 119 223 144 225 246 248 244 246 246 246 246 246
239 251 236 157 215 243 154 190 242 240 236 237 249 238 251 239
248 244 248 230 247 246 208 157 218 210 235 249 245 249 244 248
239 251 238 249 238 246 238 202 239 239 246 238 249 238 251 239
250 242 251 244 251 246 250 247 248 250 246 251 244 251 242 250
241 250 239 248 239 246 241 243 243 241 246 239 248 239 250 241
241 250 239 248 239 246 241 243 243 241 246 239 248 239 250 241
250 242 251 244 251 246 250 248 248 250 246 251 244 251 242 250
239 251 238 249 238 246 239 230 237 239 246 238 249 238 251 239
248 244 249 238 247 246 232 185 217 200 229 249 245 249 244 248
239 251 237 203 228 244 217 184 244 240 241 237 249 238 251 239
246 246 246 227 185 238 180 244 246 248 245 245 246 246 246 246
241 250 239 247 195 202 175 246 247 248 247 239 248 239 250 241
243 248 242 247 236 185 232 237 243 243 242 242 247 242 248 243
243 248 242 247 236 184 233 237 242 243 243 242 247 242 248 243
241 250 239 247 195 202 176 246 247 248 247 239 248 239 250 241
246 246 246 226 186 237 180 243 246 248 245 246 246 246 246 246
239 251 237 202 228 244 218 184 244 240 241 238 249 238 251 239
248 244 249 238 247 246 232 185 217 201 230 249 245 249 244 248
239 251 238 249 238 246 239 229 237 239 246 238 249 238 251 239
250 242 251 244 251 246 250 247 248 250 246 251 244 251 242 250
241 250 239 248 239 246 241 243 243 241 246 239 248 239 250 241
